Roomnights Takings
277.0   7.7
260.6   7.5
291.6   8.3
275.4   7.8
275.3   7.9
231.7   6.6
238.8   7.0
274.2   8.2
277.8   8.2
299.1   9.1
286.6   9.0
232.3   7.1
294.1   8.9
267.5   8.5
309.7   9.8
280.7   8.8
287.3   9.2
235.7   7.4
256.4   8.3
289.0   9.7
290.8   9.7
321.9  10.8
291.8   9.8
241.4   7.9
295.5   9.8
258.2   9.0
306.1  10.5
281.5   9.5
283.1   9.7
237.4   8.1
274.8  10.1
299.3  11.1
300.4  11.2
340.9  12.6
318.8  12.2
265.7   9.9
322.7  11.8
281.6  11.1
323.5  12.6
312.6  11.9
310.8  11.9
262.8  10.0
273.8  10.8
320.0  12.9
310.3  12.5
342.2  13.8
320.1  13.1
265.6  10.5
327.0  12.9
300.7  12.9
346.4  14.4
317.3  12.7
326.2  13.3
270.7  11.0
278.2  11.9
324.6  14.1
321.8  14.4
343.5  14.9
354.0  15.7
278.2  12.0
330.2  14.3
307.3  14.2
375.9  17.4
335.3  15.1
339.3  15.3
280.3  12.6
293.7  14.0
341.2  16.6
345.1  16.7
368.7  17.6
369.4  18.3
288.4  13.6
341.0  15.8
319.1  16.1
374.2  18.6
344.5  17.3
337.3  17.0
281.0  13.9
282.2  15.2
321.0  17.8
325.4  18.0
366.3  19.4
380.3  21.8
300.7  16.2
359.3  19.2
327.6  19.5
383.6  22.0
352.4  20.0
329.4  19.2
294.5  16.9
333.5  20.0
334.3  20.4
358.0  21.8
396.1  25.0
387.0  25.8
307.2  19.4
363.9  22.6
344.7  24.1
397.6  26.9
376.8  24.9
337.1  23.3
299.3  20.3
323.1  22.3
329.1  23.7
347.0  24.3
462.0  31.7
436.5  32.2
360.4  25.4
415.5  28.6
382.1  28.7
432.2  30.9
424.3  31.4
386.7  29.1
354.5  26.3
375.8  28.9
368.0  28.9
402.4  31.0
426.5  33.4
433.3  35.9
338.5  25.8
416.8  31.2
381.1  31.7
445.7  36.2
412.4  32.0
394.0  32.1
348.2  28.1
380.1  31.1
373.7  31.9
393.6  32.0
434.2  36.6
430.7  38.1
344.5  28.1
411.9  32.9
370.5  30.7
437.3  35.4
411.3  33.7
385.5  31.6
341.3  27.9
384.2  32.2
373.2  32.3
415.8  35.3
448.6  37.2
454.3  39.6
350.3  28.4
419.1  33.9
398.0  33.7
456.1  38.3
430.1  34.6
399.8  32.7
362.7  29.5
384.9  32.0
385.3  33.2
432.3  36.7
468.9  38.6
442.7  38.1
370.2  29.8
439.4  35.6
393.9  33.2
468.7  38.9
438.8  34.8
430.1  37.2
366.3  29.7
391.0  32.2
380.9  32.1
431.4  36.3
465.4  38.4
471.5  40.8
387.5  31.3
446.4  36.2
421.5  35.1
504.8  44.1
492.1  39.3
421.3  34.1
396.7  32.4
428.0  36.3
421.9  36.8
465.6  40.5
525.8  46.0
499.9  43.9
435.3  37.2
479.5  40.7
473.0  42.0
554.4  49.2
489.6  42.3
462.2  40.8
420.3  37.6
